Reading training data...
Building features...
Num of featureIndices: 707
Num of tags: 38
Preparing for minimization...
Starting point:
0.803 -0.902 2.081 0.764 0.985 -1.683 -0.027 0.115 -0.390 -0.643 0.052 0.521 -0.824 0.261 -0.453 1.403 0.271 -0.007 0.905 0.857 0.372 0.398 0.063 0.941 0.441 -0.732 -0.012 -0.157 -0.582 -0.206 -0.400 0.891 0.411 -1.171 -0.391 0.490 0.960 0.752 -0.658 0.645 -0.315 1.055 0.596 1.023 -2.356 -1.525 1.181 0.006 -0.137 -0.422 -0.017 0.478 0.010 -1.692 -0.461 0.842 -0.242 -0.684 -1.917 0.315 0.405 -0.215 0.956 0.281 2.214 -0.048 1.091 3.369 -2.254 -0.377 1.184 -1.029 1.448 0.633 -1.374 -0.575 0.625 -0.322 -0.678 1.787 -1.089 -1.749 0.843 1.180 0.913 0.185 0.113 -1.973 0.039 0.453 0.078 -0.324 1.453 1.001 0.757 0.574 1.029 -1.449 0.599 -0.742 -0.657 0.371 0.436 -0.190 0.121 -1.319 -0.714 0.340 -1.733 1.326 0.701 0.054 -1.112 -0.647 -0.892 0.843 -0.418 -0.240 -0.915 -0.594 0.072 -0.856 0.058 -0.788 1.370 1.882 -1.773 0.103 -1.213 0.906 -0.153 -0.315 -0.384 -0.505 0.689 1.515 -1.473 0.942 -0.540 -0.026 -0.523 0.270 -0.264 1.281 0.989 1.630 -0.647 -2.015 -0.862 0.917 -0.384 -0.458 0.525 0.234 -1.323 0.330 0.198 -0.072 1.003 0.533 -2.662 -0.751 1.271 0.152 1.525 1.760 0.993 1.120 -0.772 0.006 0.624 0.981 1.268 -0.906 -0.535 -0.185 0.028 0.601 0.367 -0.719 0.013 0.937 -1.021 -0.462 -1.683 -0.246 -0.370 -1.244 -1.702 0.624 -1.089 -0.421 -1.563 0.226 -1.043 -1.366 0.943 0.477 -1.395 -1.607 0.009 -0.163 -0.964 0.935 -0.643 -1.672 -0.352 -0.518 -0.919 -0.425 0.264 0.270 -1.413 0.711 -0.290 -2.645 0.318 0.287 1.181 -0.248 0.361 0.564 0.615 0.506 -0.405 -1.022 -0.851 -0.926 -0.320 -0.472 -2.558 0.430 0.635 -0.445 -0.378 -0.481 0.982 -0.580 2.865 1.312 0.745 -2.133 -0.490 -0.390 -0.221 0.737 0.188 1.024 2.179 -0.039 -0.876 1.778 0.121 0.214 -1.378 -1.573 0.053 0.760 1.082 -1.826 -0.491 0.024 -1.056 1.576 0.602 -1.389 -0.418 -0.727 -1.377 2.029 -0.313 3.314 1.636 0.751 0.589 -0.171 -1.033 1.776 0.121 0.253 0.522 0.138 0.580 1.242 -0.389 -0.986 0.301 1.186 1.672 -0.959 -1.860 1.460 -0.528 0.844 -0.167 0.108 2.621 1.463 0.601 -1.526 0.192 -0.767 0.340 0.302 -1.770 -0.487 -0.078 1.770 -1.553 -2.042 -0.844 0.773 0.305 -0.643 1.590 -0.287 -0.474 0.568 1.578 1.007 -0.218 0.047 0.774 -0.521 -1.752 0.425 -0.469 -1.192 0.312 -0.068 -1.268 -0.452 -0.886 -0.069 0.504 -0.767 0.487 0.027 1.040 2.707 -1.561 -0.401 -0.848 0.490 0.531 -0.023 1.116 -0.174 -1.110 1.130 -0.407 -0.175 0.402 2.649 0.126 -0.666 -1.348 0.409 1.187 -0.014 0.113 -0.632 0.067 0.350 -1.325 0.026 -0.602 0.740 -1.759 -0.738 -0.832 -0.548 1.292 -1.249 2.245 -0.757 0.755 -1.802 -0.385 -2.274 0.162 -0.616 -0.633 0.736 0.424 0.776 0.328 0.812 1.582 1.562 -0.660 -1.458 0.426 -0.637 -0.244 0.946 0.635 -0.306 -2.238 -0.363 -0.382 0.207 2.139 0.075 0.275 0.274 -1.502 0.312 -1.616 -0.518 -0.242 -0.570 -1.753 -1.737 -0.407 -1.084 0.506 -0.582 -1.611 0.114 -2.471 1.168 -0.987 0.269 -0.243 -0.049 -2.463 0.872 -0.584 1.492 0.100 1.524 -0.122 -0.950 -2.315 -0.159 1.186 0.171 0.951 0.280 0.744 1.600 -1.323 1.143 0.509 0.346 -1.758 0.669 -0.831 1.476 1.263 0.360 2.289 -0.668 -0.780 0.091 -0.190 -0.230 0.856 -0.100 0.428 0.256 -0.489 -0.247 -0.547 -0.260 0.768 0.879 -1.926 1.085 -0.759 -1.684 0.884 -0.457 -1.590 1.410 -0.649 1.529 -0.492 0.802 0.829 -1.671 0.519 -1.135 -1.492 0.443 0.332 -0.430 -0.930 1.010 -0.693 1.020 0.754 -0.168 -3.090 0.161 1.061 -0.903 -1.380 0.569 -0.506 -0.678 -0.577 -0.176 -0.529 -1.358 -0.960 1.202 0.036 1.842 -0.419 -0.740 0.247 0.421 1.627 0.836 0.668 1.298 0.707 1.765 -0.252 0.304 0.844 -0.067 -1.132 -0.310 -0.108 -0.754 -1.035 0.794 0.946 -0.639 0.859 -0.664 -0.131 0.316 -0.467 -0.332 0.015 1.932 -0.123 -1.392 -0.135 -0.203 0.131 0.083 -1.504 -0.947 -2.187 0.700 -0.906 -0.215 0.268 0.174 -1.035 1.620 1.588 0.784 -0.515 1.044 1.999 -1.426 -0.922 0.197 1.965 0.637 0.336 1.915 -1.865 -0.606 0.275 0.566 -0.851 -0.207 0.987 0.167 0.921 -2.165 0.262 0.131 -0.016 -1.134 0.064 1.132 1.357 -1.403 -1.222 -0.611 -0.096 0.881 0.921 0.520 -0.376 -0.082 0.716 0.432 0.079 -2.225 -0.978 0.116 0.437 0.356 0.744 0.679 0.611 1.630 0.279 -1.479 -0.170 -0.293 -1.027 0.543 1.310 -0.918 0.457 -0.231 -1.388 1.186 -0.661 1.164 -0.930 -0.370 1.330 1.421 1.026 0.897 1.443 0.461 -0.133 1.297 1.371 0.125 1.717 0.893 -0.321 -1.041 -0.145 0.343 0.601 -0.155 -1.247 -0.076 0.957 -0.089 -1.919 0.800 -0.440 0.510 -0.625 0.228 1.142 0.964 -1.628 1.695 0.612 1.152 0.656 -1.088 2.749 1.514 -0.893 -0.701 0.428 -0.281 -0.915 0.028 -0.977 0.361 0.936 0.326 -0.241 -0.858 1.132 -1.371 0.292 1.630 -1.778 -0.431 -1.673 -0.455 -0.135 0.481 -0.285 1.022 0.898 -0.675 -0.091 -2.192 -0.517 1.395 1.105 0.463 0.870 -0.474 0.459 0.289 0.780 0.041 1.563 0.008 1.697 -0.863 -0.099 0.559 -0.025 1.245 -1.309 
Start maximizing Log-Likelihood...
Iteration 1: -3346.652, 33.798s elapsed
Iteration 2: -2505.155, 55.904s elapsed
Iteration 3: -2095.945, 67.160s elapsed
Iteration 4: -1925.944, 77.897s elapsed
Iteration 5: -1841.753, 99.343s elapsed
Iteration 6: -1816.359, 121.230s elapsed
Iteration 7: -1798.832, 143.500s elapsed
Iteration 8: -1787.673, 165.309s elapsed
Iteration 9: -1787.180, 263.599s elapsed
Iteration 10: -1786.816, 307.629s elapsed
Iteration 11: -1786.739, 417.027s elapsed
Iteration 12: -1775.404, 658.666s elapsed
Iteration 13: -1774.583, 669.838s elapsed
Iteration 14: -1769.156, 914.612s elapsed
Iteration 15: -1768.484, 1166.201s elapsed
Done minimizing in 1610.038s
Weights:
0.828 0.102 3.490 2.648 4.609 2.237 1.200 3.023 3.380 2.290 1.120 2.149 0.913 1.680 6.376 1.684 1.076 2.858 1.279 1.652 1.035 2.230 0.475 3.894 2.157 1.809 1.773 2.193 2.086 3.646 2.114 0.983 1.811 8.739 1.713 0.735 0.394 1.814 0.390 0.610 2.197 1.794 0.798 0.163 1.221 0.208 4.103 0.935 0.801 3.211 1.002 4.502 0.300 1.346 0.668 4.311 2.308 0.410 0.373 0.554 1.348 25.754 4.036 0.647 1.059 3.738 0.870 1.435 1.257 0.308 3.408 1.276 1.093 0.582 0.169 1.244 0.685 0.473 0.767 2.117 0.681 1.108 2.913 0.779 2.403 0.388 0.346 1.897 0.490 0.599 1.034 2.797 1.599 1.238 1.933 0.954 0.941 3.593 0.851 0.330 0.318 0.867 0.735 0.576 0.518 1.918 1.843 0.813 0.410 0.902 1.566 0.426 1.561 0.377 0.322 2.175 1.829 0.956 0.773 0.860 1.019 2.029 1.037 1.861 1.769 3.896 0.661 1.213 0.565 0.908 0.614 0.275 1.249 0.504 0.679 1.374 0.138 1.311 0.880 0.761 2.668 0.810 1.070 0.764 2.129 2.573 1.104 1.759 0.181 0.889 0.311 0.858 0.484 1.271 -0.212 0.445 0.922 0.615 1.938 1.527 -0.200 0.350 3.273 0.701 2.364 0.439 0.891 1.303 0.740 0.564 2.327 0.257 1.661 1.347 0.474 1.062 1.762 1.664 0.589 0.216 2.906 1.147 2.926 0.920 0.040 1.095 1.256 0.224 1.143 1.335 3.116 0.409 0.061 0.563 0.301 -0.002 2.698 0.289 1.342 1.211 0.481 0.245 1.845 0.742 2.003 3.386 1.597 0.426 0.222 0.399 1.332 0.632 0.531 0.208 0.842 -0.275 0.522 0.429 0.792 0.349 0.667 0.867 0.766 1.742 1.183 0.082 0.352 0.336 0.926 1.537 0.257 0.797 3.147 1.155 0.394 2.444 3.194 2.345 1.531 0.749 3.337 -0.052 0.373 2.627 0.594 0.649 1.607 0.363 1.448 0.573 2.413 1.573 1.603 0.692 0.103 0.566 0.663 0.102 1.052 0.073 0.355 1.271 0.231 0.926 0.656 0.860 0.694 1.593 0.074 1.006 0.912 1.340 1.182 0.483 0.848 0.508 0.217 0.107 0.551 0.668 0.605 3.082 0.592 0.826 0.813 0.342 1.149 1.652 1.049 0.130 -0.075 1.329 0.894 0.669 1.147 0.411 1.036 2.906 1.236 1.335 2.047 1.042 0.734 1.278 0.581 0.257 1.045 1.622 1.044 0.004 -0.039 0.890 0.523 0.387 0.119 1.335 0.439 0.690 1.627 0.739 0.183 0.666 0.411 0.486 2.285 2.000 0.793 0.706 0.619 0.517 -0.201 0.397 1.368 2.170 2.328 0.912 0.790 0.688 0.534 1.347 1.366 0.316 0.392 0.224 0.687 0.566 0.996 0.690 0.781 0.969 0.535 0.211 1.289 0.124 0.450 0.388 0.177 0.740 0.950 1.140 1.410 0.179 0.977 0.775 0.081 1.266 0.392 0.867 0.038 0.005 0.391 0.118 1.054 -0.013 1.220 0.070 1.491 0.070 1.733 1.143 0.688 2.565 0.948 0.746 0.703 0.845 1.449 1.144 0.853 2.263 0.597 0.037 0.691 0.458 0.170 0.723 1.163 0.439 1.685 0.147 0.199 0.680 1.317 0.268 0.567 0.520 0.066 0.856 0.026 0.378 0.417 0.235 -0.137 0.021 0.447 0.932 0.822 1.054 1.531 0.642 0.146 1.490 1.514 0.412 0.705 1.021 -0.129 0.598 1.023 0.046 0.568 1.124 0.514 0.029 -0.301 0.113 0.311 0.722 0.819 0.363 0.758 2.353 0.092 2.321 0.662 0.757 1.172 1.696 0.392 1.081 1.055 1.604 0.848 0.453 1.006 1.184 0.848 0.572 0.842 0.360 0.528 1.336 0.576 3.023 0.233 2.383 0.808 0.629 0.045 0.498 0.416 0.113 0.364 -0.024 -0.002 1.056 0.257 0.208 0.741 0.692 0.867 0.124 0.814 0.067 0.117 0.732 0.328 0.492 0.344 0.966 0.823 1.643 0.879 0.582 -0.353 1.373 0.271 0.233 0.079 0.618 0.381 0.398 1.772 0.504 0.464 0.017 0.089 0.792 0.662 1.911 0.176 1.007 1.338 0.149 1.631 0.557 0.666 0.973 2.422 1.164 0.473 0.547 0.895 0.529 0.287 0.486 0.276 0.388 0.240 0.758 0.675 0.416 0.917 0.365 0.981 0.599 0.308 0.539 1.379 1.227 0.625 0.177 0.752 0.573 0.291 0.664 0.180 0.296 -0.188 0.706 0.365 0.571 0.602 0.694 0.247 1.140 1.208 0.908 1.046 1.359 0.817 0.090 -0.316 1.772 0.090 0.828 0.761 0.750 0.006 0.838 0.648 0.947 2.315 1.410 0.856 0.644 1.944 0.278 0.703 0.682 0.617 0.247 0.630 -0.017 0.772 0.117 0.039 0.448 0.545 0.689 0.974 0.872 0.523 0.569 0.446 0.661 0.653 -0.058 0.350 0.398 0.688 0.730 0.658 0.631 0.602 0.132 0.614 0.068 0.607 0.312 0.275 0.790 0.855 0.292 0.793 0.166 0.214 0.523 0.172 0.922 0.275 0.431 0.929 1.075 0.792 0.806 0.829 0.776 0.590 1.057 0.344 -0.548 1.064 0.945 0.418 0.250 0.608 0.410 0.787 -0.062 0.242 0.620 0.377 0.824 -0.036 0.858 0.270 1.614 0.281 0.511 0.887 1.676 1.158 0.892 1.330 1.129 0.762 0.295 1.316 1.134 0.331 0.390 1.461 0.504 -0.135 1.065 0.664 0.704 0.868 0.662 0.385 0.331 0.954 0.759 0.014 0.856 0.060 0.452 0.825 0.839 0.526 0.591 0.563 0.754 0.663 0.434 -0.037 -0.070 0.338 0.854 0.743 0.587 0.816 0.368 0.625 0.575 0.729 0.538 1.092 0.457 1.051 -0.004 0.495 0.719 0.593 0.946 0.110 Done!
Accuracy = 4302/12009 = 35.82%
